VERDICT: DIRECTED INTERVAL QUANTITATIVE CHECK PASSED
carrier_entropy = [0.6730116670092564359967193424894015895069069658307659492235592874943249629886 +/- 4.55e-77]
entropy_curvature = [16.66666666666666666666666666666666666666666666666666666666666666666666666667 +/- 4.13e-75]
explicit_tau_bound = [5.944022450921951523647874170224596222034110857414537991815006095770519007923 +/- 8.08e-76]
chosen_tau = 6
certified_metric_lower_bound = [16.82362420829844510898171115069066163269574062298643060216865677798156605714 +/- 3.38e-75]
actual_inverse_metric = [86.16976215289427745481399997209959015216716068620664599220493777574182600 +/- 3.87e-72]
actual_directional_hessian = [-69.50309548622761078814733330543292348550049401953997932553827110907515933 +/- 3.98e-72]
mean_fiber_p11 = [0.376790002083894299964652561696195127296651544817607554079600889008913991521 +/- 8.94e-76]
